Cantidad de registros por día.
Red: Red Hidrometeorológica Nacional (1).
Variable: _Bateria (8).
Mes: 2019-07

Fecha:                    01    02    03    04    05    06    07    08    09    10    11    12    13    14    15    16    17    18    19    20    21    22    23    24    25    26    27    28    29    30    31    01    02    03    04    05    06    07    08    09    10    11    12    13    14    15    16    17    18    19    20    21    22    23    24    25    26    27    28    29    30    31    01    02    03    04    05    06    07    08    09    10    11    12    13    14    15    16    17    18    19    20    21    22    23    24    25    26    27    28    29    30    01
157 - Abaucán en Tinog     0     2     6     1     7    13     3     3     8     6     8     3     7     7     4     4     6     3     6     7     1     5     3     2     6     6     2     5     1    14    15     3    11     2    24     5     3     0    23    21     6     2     0     5     2     5     4     6    10     6     5     3    13     6     9     2     2     9     6     2     3    16     4     4     4     3     0     0     0     0     0     0     0     0     0     0     0     0     0     0     0     0     0     0     0     0     0     0     0     0     0     0     0
164 - A° El Soberbio-P     0     2     0     2     6     6     6     6     0     0     0     0     0     0     0     0     0     0     0     0     0     0     0     0     0     0     0     0     0     0     0     0     0     0     0     0     0     0     0     0     0     0     0     0     0     0     0     0     0     0     0     0     0     1     6     6     6     6     6     6     6     6     6     6     6     4     0     0     0     0     0     0     0     0     0     0     0     0     0     0     0     0     0     0     0     0     0     0     0     0     0     0     0
191 - Añatuya-RP 92        0     0     0     0     0     0     0     0     0     0     0     0     0     0     0     0     0     0     0     0     0     0     0     0     0     0     0     0     0     0     0     0     0     0     0     0     0     0     0     0     0     0     0     0     0     0     0     0     0     0     0     0     0     0     0     0     0     0     0     0     0     0     0     0     0     0     0     0     0     0     0     0     0     0     0     0     0     0     0     0     0     0     0     0     0     0     0     0     0     0     0     0     0
159 - Aº Batel en Paso     0     0     4     2     6     5     6     6     6     5     6     6     1     0     0     0     0     0     0     0     0     0     0     0     0     0     3     6     6     6     6     6     6     4     0     0     0     0     0     0     0     0     0     0     0     0     0     0     0     6     6     4     6     6     6     6     5     6     6     6     6     5     5     6     4     0     0     0     0     0     0     0     0     0     0     0     0     0     0     0     0     0     0     0     0     0     0     0     0     0     0     0     0
3 - Aº Colastiné en Au    12     0     0     0     0     0     0     0     0     0     0     0    23    24    24    24    24    24    23    24    24    24    24    24    24    24    24    24    18    14    24    24    24    24    24    22     2     0     0     0     0     0     0     0     0     0    23    24    24    24    24    24    24    24    24    24    24    24    24    24    24    24    24    24    24    15     0     0     0     0     0     0     0     0     0     0     0     0     0     0     0     0     0     0     0     0     0     0     0     0     0     0     0
4 - Aº Del Medio en La    24    24    24    24    24    24    24    24    24    24    24    24    24    24    24    24    24    24    24    24    24    24    24    24    24    24    24    24    24    24    24    24    24    24    24    24    24    24    24    24    24    24    24    24    24    24    24    24    24    24    24    24    24    12     0     0     0     1     4     6     5     7     4     6     5     3     0     0     0     0     0     0     0     0     0     0     0     0     0     0     0     0     0     0     0     0     0     0     0     0     0     0     0
58 - Aº Feliciano-Paso     5     6     6     6     6     6     6     6     6     6     6     6     6     6     6     6     6     6     5     6     6     6     6     6     6     6     6     6     6     6     5     6     6     6     1     5     6     6     6     6     6     6     6     6     6     6     6     5     6     5     6     6     6     6     6     5     6     6     6     6     6     6     6     6     6     4     0     0     0     0     0     0     0     0     0     0     0     0     0     0     0     0     0     0     0     0     0     0     0     0     0     0     0
12 - Aº Monje en Autop     0     0     0     0     7    23    24    24    24    24    24    24    24    24    24    24    24    24    24    24    24    24    24    24    24    24    24    11    24    24    24    24    22    24    24    16    24    24    24    15    24    24    24    24    24    24    24    24    24    24    24    24    17     1     0     0     0     0     0     0     0     0     0     0     0     0     0     0     0     0     0     0     0     0     0     0     0     0     0     0     0     0     0     0     0     0     0     0     0     0     0     0     0
72 - Atuel en El Nihui     0    13    22    24    23    24    21    23    24    24    22    24    24    24    24    24    24    24    24    24    23    24    23    24    24    23    24    24     9    19    24    24    24    21     0    13     0     0     0    23    24    24    21    24    24    24    24    24    24    24    24    24    24    24    24    24    24    15     7     0    22    24    23    24    24     3     0     0     0     0     0     0     0     0     0     0     0     0     0     0     0     0     0     0     0     0     0     0     0     0     0     0     0
176 - Buta Ranquil         0     0     0     0     0     0     0     0     0     0     0     0     0     0     0     0     0     0     0     0     0     0     0     0     0     0     0     0     0     0     0     7     8     8     8     8     8     8     8     8     8     8     8     8     8     8     8     8     8     8     8     8     8     1     7     8     8     8     8     8     8     8     8     1     7     1     0     0     0     0     0     0     0     0     0     0     0     0     0     0     0     0     0     0     0     0     0     0     0     0     0     0     0
189 - Canal de Dios -      0     0     0     0     0     0     0     0     0     0     0     0     0     0     0     0     0     0     0     0     0     0     0     0     0     0     0     0     0     0     0     0     0     0     0     0     0    12    12    12    12    12    12    12    12    11     9    12    12    12    12    12    12    11     7    12    12    12    12    12    12    12    11     9    11     2     0     0     0     0     0     0     0     0     0     0     0     0     0     0     0     0     0     0     0     0     0     0     0     0     0     0     0
83 - Canal Liag - Queb    13     2     3     0     3     6     1     2     0     0     0     1     1     1     0     0     0     0     0     0     0     0     0     0     0     0     0     0     0     0     3     4    13     3    24     3     1     0    23    18     4     5     6     4     3     5     4     5     5     5     4     3     6     4     8     6     5     8     6     6     5     5     4     5     5     3     0     0     0     0     0     0     0     0     0     0     0     0     0     0     0     0     0     0     0     0     0     0     0     0     0     0     0
79 - Canal MACAPILLO 	     5     6     6     6     6     6     6     6     6     6     5     6     6     6     6     6     6     6     6     6     6     6     6     6     6     6     6     6     6     6     6     6     6     6     5     5     6     6     6     6     6     6     6     6     6     6     6     6     6     6     6     6     6     6     6     6     6     6     6     6     6     6     6     6     6     4     0     0     0     0     0     0     0     0     0     0     0     0     0     0     0     0     0     0     0     0     0     0     0     0     0     0     0
180 - Canal Regulador      0     0     0     0     0     0     0     0     0     0     0     0     0     0     0     0     0     0     0     0     0     0     0     0     0     0     0     0     0     0     2     4     4     4     4     4     4     4     4     4     4     4     4     4     4     4     4     4     4     4     4     4     4     2     2     4     4     4     4     4     4     4     4     4     4     2     0     0     0     0     0     0     0     0     0     0     0     0     0     0     0     0     0     0     0     0     0     0     0     0     0     0     0
187 - Carmensa             0     0     0     0     0     0     0     0     0     0     0     0     0     0     0     0     0     0     0     0     0     0     0     0     0     0     0     0     0     0     0     4     6     6     6     6     6     6     6     6     6     6     6     6     6     6     6     6     6     6     6     6     5     6     3     6     6     6     6     6     6     6     6     6     6     4     0     0     0     0     0     0     0     0     0     0     0     0     0     0     0     0     0     0     0     0     0     0     0     0     0     0     0
40 - Carrenleufu en Ca     0     0     0     0     0     0     0     0     0     0     0     0     0     0     0     0     0     0     0     0     0     0     0     0     0     0     0     0     0     0     0     0     0     0     0     0     0     0     0     0     0     0     0     0     0     0     0     0     0     0     0     0     0     0     0     0     0     0     0     0     0     0     0     0     0     0     0     0     0     0     0     0     0     0     0     0     0     0     0     0     0     0     0     0     0     0     0     0     0     0     0     0     0
64 - Carrenleufu en la     4     6     6     3     6     6     6     6     6     5     5     6     5     6     6     6     2     3     2     3     6     6     6     6     6     6     6     6     5     6     6     6     6     6     1     5     6     6     6     6     6     6     6     6     6     6     6     6     6     6     6     6     6     6     6     5     6     6     6     6     6     6     5     6     6     2     0     0     0     0     0     0     0     0     0     0     0     0     0     0     0     0     0     0     0     0     0     0     0     0     0     0     0
67 - Charles Fhur          0     0     0     0     0     0     0     0     0     0     0     0     0     0     0     0     0     0     0     0     0     0     0     0     0     0     2     6     5     6     6     3     6     5     1     4     6     6     6     6     6     6     6     6     6     6     6     6     6     6     6     6     5     6     6     6     6     5     6     5     6     6     6     6     6     3     0     0     0     0     0     0     0     0     0     0     0     0     0     0     0     0     0     0     0     0     0     0     0     0     0     0     0
62 - Colorado en Pichi     6     6     6     6     6     6     5     5     6     6     6     5     6     6     6     4     6     6     6     6     6     6     6     5     6     6     6     6     4     6     6     6     5     5     1     5     6     6     6     6     6     6     5     6     6     4     4     6     6     5     6     6     6     5     6     5     6     6     6     6     6     6     6     6     6     4     0     0     0     0     0     0     0     0     0     0     0     0     0     0     0     0     0     0     0     0     0     0     0     0     0     0     0
179 - Compuerta Altern     0     0     0     0     0     0     0     0     0     0     0     0     0     0     0     0     0     0     0     0     0     0     0     0     0     0     0     0     0     0     2     4     4     4     4     4     4     4     4     4     4     4     4     4     4     4     4     4     4     4     4     4     4     2     2     4     4     4     4     4     4     4     4     4     4     2     0     0     0     0     0     0     0     0     0     0     0     0     0     0     0     0     0     0     0     0     0     0     0     0     0     0     0
185 - Cruz Alta            0     0     0     0     0     0     0     0     0     1    11    19     2     0     0     0     0     0     0     0     0     0     0     0     0     0     0     0     0     0     0    19    24    24    22    22    24    24    24    21    24    22     0     0     0     0     0     0     0     0     0     0     0     0     0     0     0     0     0     0     0     0     0     0     0     0     0     0     0     0     0     0     0     0     0     0     0     0     0     0     0     0     0     0     0     0     0     0     0     0     0     0     0
86 - Desaguadero en Ca     0     0     0     0     0     0     0     0     0     0     0     0     0     0     0     0     3     6     6     6     6     6     6     6     6     6     6     6     5     6     6     6     6     6     1     5     6     6     6     6     6     6     6     6     6     6     6     6     6     6     6     6     6     6     6     6     6     6     6     6     6     6     6     6     6     4     0     0     0     0     0     0     0     0     0     0     0     0     0     0     0     0     0     0     0     0     0     0     0     0     0     0     0
193 - Faro Punta Delga     0     0     0     0     0     0     0     0     0     0     0     0     0     0     0     0     0     0     0     0     0     0     0     0     0     0     0     0     0     0     0     0     0     0     0     0     0     0     0     0     0     0     0     0     0     0     0     0     0     0     0     0     0     0     0     0     0     0     0     0     0     0     0     0     0     0     0     0     0     0     0     0     0     0     0     0     0     0     0     0     0     0     0     0     0     0     0     0     0     0     0     0     0
76 - Faro Recalada Bah     0     0     0     0     0     0     0     0     0     0     0     0     0     0     0     0     0     2     0    11    24    24    24    24     1     0     0     0     0     0     0     0     0     0     0     0     0     0     0     0     0     0     0     0     0     0     0     0     0     0     0     0     0     0     0     0     0     0     0     0     0     0     0     0     0     0     0     0     0     0     0     0     0     0     0     0     0     0     0     0     0     0     0     0     0     0     0     0     0     0     0     0     0
78 - Faro Río Negro        0     0     0     0     0     0     0     0     0     0     0     0     0     0     0     0     0     0     0     0     0     0     0     0     0     0     0     0     0     0     0     5    24    23    24    21     3     0    23    24    24    23    23    23    24    23    16     0     0     0     0     0     0     0     0     0    10    24    24    22    24     2    24    23    21     0     0     0     0     0     0     0     0     0     0     0     0     0     0     0     0     0     0     0     0     0     0     0     0     0     0     0     0
16 - Futaleufú en Pues     0     0     0     0     0     0     0     0     0     0     0     0     0     0     0     0     0     0     0     0     0     0     0     0     0     0     0     0     0     0     0     0     0     0     0     0     0     0     0     0     0     0     0     0     0     0     0     0     0     0     0     0     0     0     0     0     0     0     0     0     0     0     0     0     0     0     0     0     0     0     0     0     0     0     0     0     0     0     0     0     0     0     0     0     0     0     0     0     0     0     0     0     0
41 - Gallegos - Pte. B     0     0     0     0     0     0     0     0     0     0     0     0     0     0     0     0     0     0     0     0     0     0     0     0     0     0     0     0     0     0     0     0     0     0     0     0     0     0     0     0     0     0     0     0     0     0     0     0     0     0     0     0     0     0     0     0     0     0     0     0     0     0     0     0     0     0     0     0     0     0     0     0     0     0     0     0     0     0     0     0     0     0     0     0     0     0     0     0     0     0     0     0     0
43 - Gallegos - Toma S     0     0     0     0     0     0     0     0     0     0     0     0     0     0     0     0     0     0     0     0     0     0     0     0     0     0     0     3     5     6     6     6     6     6     1     3     6     6     5     2     6     6     5     6     4     6     6     6     6     6     6     6     6     6     6     6     6     6     6     6     6     5     6     6     6     4     0     0     0     0     0     0     0     0     0     0     0     0     0     0     0     0     0     0     0     0     0     0     0     0     0     0     0
37 - HUA HUM - San Mar     0     0     0     0     0     0     0     0     0     0     0     0     0     0     0     0     0     0     0     0     0     0     0     0     0     0     0     0     0     0     0     0     0     0     0     0     0     0     0     0     0     0     0     0     0     0     0     0     0     0     0     0     0     3     3     6     6     6     6     6     6     6     6     6     6     3     0     0     0     0     0     0     0     0     0     0     0     0     0     0     0     0     0     0     0     0     0     0     0     0     0     0     0
44 - Iguazú - PERFIL T     0     0     0     0     0     0     0     0     0     0     0     0     0     0     0     0     0     0     0     0     0     0     0     0     0     0     0     0     0     0     0     0     0     0     0     0     0     0     0     0     0     0     0     0     0     0     0     0     0     0     0     0     0     0     0     0     6     6     6     6     6     6     6     6     6     3     0     0     0     0     0     0     0     0     0     0     0     0     0     0     0     0     0     0     0     0     0     0     0     0     0     0     0
186 - Intersección Can     0     0     0     0     0     0     0     0     0     0     0     0     0     0     0     0     0     0     0     0     0     0     0     0     0     0     0     0     0     0     0    20    24    24    24    24    24    24    24    24    24    24    24    24    24    24    24    24    24    24    24    24    24    23    12    24    24    24    24    24    24    24    24    24    23    15     0     0     0     0     0     0     0     0     0     0     0     0     0     0     0     0     0     0     0     0     0     0     0     0     0     0     0
50 - Lago Argentino en     0     0     0     0     0     0     0     0     0     0     0     0     0     0     0     0     0     0     0     0     0     0     0     0     0     0    13    24    18    14    24    24    23    24    23    22    24    24    24    24    24    24    24    24    23    24    24    24    24    24    23    24    24    24    24    24    24    24    24    24    24    24    24    24    24    15     0     0     0     0     0     0     0     0     0     0     0     0     0     0     0     0     0     0     0     0     0     0     0     0     0     0     0
56 - Laguna Ibera en C     0     0     0     0     0     0     0     0     0     0     0     0     0     0     0     0     0     0     0     0     0     0     0     0     0     0     0     0     0     0     0     0     0     0     0     0     0     0     0     0     0     0     0     0     0     0     6    24    24    24    24    24    23    24    24    24    24    23    24    24    24    24    23    24    24    15     0     0     0     0     0     0     0     0     0     0     0     0     0     0     0     0     0     0     0     0     0     0     0     0     0     0     0
184 - Laguna La Picasa     0     0     0     0     0     0     0     0     0     0     0     0     0     0     0     0     0     0     0     0     0     0     0     0     0     0     0     0     0     0     0     0     0     0     0     0     0     0     0     0     0     0     0     0     0     0     0     0     0     0     0     0     0     0     0     0     0     0     0     0     0     0     0     0     0     0     0     0     0     0     0     0     0     0     0     0     0     0     0     0     0     0     0     0     0     0     0     0     0     0     0     0     0
10 - Laguna Mar Chiqui     0     0    22     5     0    22    24    23    23    24    24    22    24    22    22    24    23    23    24    22    24    24    24    23    24    22    24    24    17    14    23    24    23    22    24    20     2     0    23    24    24    23    24    24    23    22    22    24     7     0    21    22    24    24    23    23    22    24    24    23    22    23    24    24    22    15     0     0     0     0     0     0     0     0     0     0     0     0     0     0     0     0     0     0     0     0     0     0     0     0     0     0     0
66 - La Leona              0     0     0     0     0     0     0     0     0     0     0     0     0     0     0     0     0     0     0     0     0     0     0     0     0     2     5     6     6     6     6     5     4     3     1     3     3     5     6     6     4     6     5     2     6     6     6     6     6     6     6     4     6     6     6     3     0     0     0     0     0     0     0     0     0     0     0     0     0     0     0     0     0     0     0     0     0     0     0     0     0     0     0     0     0     0     0     0     0     0     0     0     0
65 - La Paulina-Aserra     6     6     1     5     5     6     6     5     4     6     4     5     4     5     6     5     6     5     6     5     3     3     1     3     6     4     5     4     3     6     5     7     6     1     1     5     5     1     2     6     6     4     3     6     3     4     5     5     6     4     5     5     7     5     4     5     5     7     4     3     4     6     5     4     3     3     0     0     0     0     0     0     0     0     0     0     0     0     0     0     0     0     0     0     0     0     0     0     0     0     0     0     0
68 - Los Sosa en RP30      6     6     6     6     6     5     6     6     6     6     6     6     6     6     5     6     6     6     6     6     6     6     6     5     6     6     6     6     6     6     6     6     6     6     1     5     5     6     6     6     6     6     6     6     6     6     6     6     6     6     5     5     6     6     6     6     6     6     6     6     6     6     6     6     6     4     0     0     0     0     0     0     0     0     0     0     0     0     0     0     0     0     0     0     0     0     0     0     0     0     0     0     0
45 - Miriñay - PASO LE     6     6     6     6     6     6     6     6     6     6     6     6     6     6     6     6     6     6     6     6     6     6     6     6     6     6     6     6     6     6     6     6     6     6     1     5     6     6     6     6     6     6     6     6     6     6     6     6     6     6     6     6     6     6     6     6     6     6     6     6     6     6     6     6     6     4     0     0     0     0     0     0     0     0     0     0     0     0     0     0     0     0     0     0     0     0     0     0     0     0     0     0     0
183 - Olivia               0     0     0     0     0     0     0     0     0     0     0     0     0     0     0     0     0     0     0     6     8     2     0     0     0     0     0     0     0     0     0     0     0     0     0     0     0     0     0     0     0     0     0     0     0     0     0     0     0     0     0     0     0     0     0     0     0     0     0     0     0     0     0     0     0     0     0     0     0     0     0     0     0     0     0     0     0     0     0     0     0     0     0     0     0     0     0     0     0     0     0     0     0
175 - Parque Nac. los      0     0     0     0     0     0     0     0     0     0     0     0     0     0     0     0     0     0     0     0     0     0     0     0     0     0     0     0     0     0     2     4     4     4     4     4     4     4     4     4     4     4     4     4     4     4     4     4     4     4     4     4     4     2     2     4     4     4     4     4     4     4     4     4     4     2     0     0     0     0     0     0     0     0     0     0     0     0     0     0     0     0     0     0     0     0     0     0     0     0     0     0     0
177 - Paso de Indios       0     0     0     0     0     0     0     0     0     0     0     0     0     0     0     0     0     0     0     0     0     0     0     0     0     0     0     0     0     0     2     4     4     4     4     4     4     4     4     4     4     4     4     4     4     4     4     4     4     4     4     4     4     2     2     4     4     4     4     4     4     4     4     4     4     2     0     0     0     0     0     0     0     0     0     0     0     0     0     0     0     0     0     0     0     0     0     0     0     0     0     0     0
42 - Penitente - Rincó     0     0     0     0     0     0     0     2     6     1     0     0     0     0     0     0     0     0     0     1     6     0     0     0     0     0     1     6     1     0     0     0     0     1     1     2     0     1     6     0     1     6     2     1     2     6     2     2     3     3     1     0     3     6     6     0     2     3     6     4     6     4     6     3     6     4     0     0     0     0     0     0     0     0     0     0     0     0     0     0     0     0     0     0     0     0     0     0     0     0     0     0     0
88 - PN El Chalten         0     0     0     0     0     0     0     0     0     0     0     0     0     0     0     0     0     0     0     0     0     0     0     0     0     2     6     6     5     6     6     6     6     6     1     5     6     5     5     6     6     6     6     6     6     6     6     5     5     6     6     6     6     6     3     3     6     6     6     6     6     6     6     6     5     2     0     0     0     0     0     0     0     0     0     0     0     0     0     0     0     0     0     0     0     0     0     0     0     0     0     0     0
188 - Puesto Ugalde        0     0     0     0     0     0     0     0     0     0     0     0     0     0     0     0     0     0     0     0     0     0     0     0     0     0     0     0     0     0     0     5     6     6     6     6     6     6     6     5     5     6     4     2     6     6     6     5     6     6     6     6     6     6     3     6     6     6     6     6     6     6     5     6     6     1     0     0     0     0     0     0     0     0     0     0     0     0     0     0     0     0     0     0     0     0     0     0     0     0     0     0     0
46 - Quequen Grande -      6     6     6     6     4     0     0     0     0     0     0     0     0     0     0     0     0     0     0     0     0     0     0     0     0     0     0     0     0     0     0     0     0     0     0     0     0     0     1     6     6     6     6     6     6     6     6     6     6     5     6     6     6     6     6     6     6     6     6     6     6     6     6     5     6     4     0     0     0     0     0     0     0     0     0     0     0     0     0     0     0     0     0     0     0     0     0     0     0     0     0     0     0
181 - Río Areco - Carm     0     0     0     0     0     0     0     0     0     0     0     0     0     0     0     0     0     0     0     0     0     0     0     0     0     0     0     0     0     0     2     4     4     4     2     2     4     4     4     4     4     4     4     4     4     4     4     4     4     4     4     4     4     2     2     4     4     4     4     4     4     2     2     4     4     2     0     0     0     0     0     0     0     0     0     0     0     0     0     0     0     0     0     0     0     0     0     0     0     0     0     0     0
173 - Río Areco - Puen     0     0     0     0     0     0     0     0     0     0     0     0     0     0     0     0     0     0     0     0     0     0     0     0     0     0     0     0     0     0     0     3     4     4     4     4     4     4     4     4     4     4     4     4     4     4     4     4     4     4     4     4     4     1     3     4     4     4     4     4     4     4     4     4     4     1     0     0     0     0     0     0     0     0     0     0     0     0     0     0     0     0     0     0     0     0     0     0     0     0     0     0     0
182 - Río Areco - San      0     0     0     0     0     0     0     0     0     0     0     0     0     0     0     0     0     0     0     0     0     0     0     0     0     2     4     4     4     2     0     0     2     4     4     4     4     4     4     4     4     4     4     2     0     2     2     2     4     4     4     4     2     2     4     4     4     4     4     4     4     4     4     4     4     2     0     0     0     0     0     0     0     0     0     0     0     0     0     0     0     0     0     0     0     0     0     0     0     0     0     0     0
21 - Río Arrecifes - A    94    96    96    96    94    94    94    96    96    96    96    96    94    94    96    96    96    96    96    96    94    94    94    96    96    96    96    96    66    51    94    96    95    96    96    88    30     0    95    96    96    96    96    96    93    96    94    96    96    96    96    96    94    94    94    96    96    96    96    96    94    94    94    96    96    58     0     0     0     0     0     0     0     0     0     0     0     0     0     0     0     0     0     0     0     0     0     0     0     0     0     0     0
14 - Río Atuel - Algar     0     0     0     0     0     0     0     0     0     0     0     0     0     0     0     0     0     0     0     0     0     0     0     0     0     0     0     0     0     0     0     5     6     6     6     6     6     6     6     6     6     6     6     6     6     6     6     6     6     6     6     6     6     6     3     6     6     6     6     6     6     6     6     6     6     4     0     0     0     0     0     0     0     0     0     0     0     0     0     0     0     0     0     0     0     0     0     0     0     0     0     0     0
22 - Río Atuel  El Sos     0     0     0     0     0     0     0     0     0     0     0     0     0     0     0     0     0     0     0     0     0     0     0     0     0     0     0     0     0     0     0     0     0     0     0     0     0     0     0     0     0     0     0     0     0     0     0     0     0     0     0     0     0     0     0     0     0     0     0     0     0     0     0     0     0     0     0     0     0     0     0     0     0     0     0     0     0     0     0     0     0     0     0     0     0     0     0     0     0     0     0     0     0
13 - Río Atuel - Paso      0     0     0     0     0     0     0     0     0     0     0     0     0     0     0     0     0     0     0     0     0     0     0     0     0     0     0     0     0     0     0     5     6     6     6     6     6     6     6     6     5     6     6     6     6     6     6     5     6     6     6     6     6     6     3     6     6     6     6     6     6     6     6     6     5     4     0     0     0     0     0     0     0     0     0     0     0     0     0     0     0     0     0     0     0     0     0     0     0     0     0     0     0
90 - Río Azul en el Az     0     0     0     0     0     0     0     0     0     0     0     0     0     0     0     0     0     0     0     0     0     0     0     0     0     0     0     0     0     0     0     0     0     0     0     0     2     6     6     6     6     6     4     5     5     6     6     6     5     6     3     1     3     5     4     4     4     5     2     6     6     5     6     6     6     4     0     0     0     0     0     0     0     0     0     0     0     0     0     0     0     0     0     0     0     0     0     0     0     0     0     0     0
147 - Río Bermejo - Ba     0     0     0     0     0     0     0     0     0     0     0     0     0     0     0     0     0     0     0     0     0     0     0     0     0     0     0     0     0     0     1     6     6     6     6     6     6     6     6     6     6     6     6     6     6     6     6     6     6     6     6     6     6     5     4     6     6     6     6     6     6     6     6     6     6     2     0     0     0     0     0     0     0     0     0     0     0     0     0     0     0     0     0     0     0     0     0     0     0     0     0     0     0
149 - Rio Bermejo-El C     0     0     0     0     0     0     0     0     0     0     0     0     0     0     0     0     0     0     0     0     0     0     0     0     0     0     0     0     0     0     1     6     6     6     6     6     6     6     6     6     6     6     6     6     6     6     6     6     6     6     6     6     6     5     4     6     6     6     6     6     6     6     6     6     6     2     0     0     0     0     0     0     0     0     0     0     0     0     0     0     0     0     0     0     0     0     0     0     0     0     0     0     0
53 - Río Bermejo en Po     0     0     0     0     0     0     0     0     0     0     0     0    23    24     6     0     0     0     6    24    24    16     0     0     0     0     0     0     0     0     0     0     0     0     0     6    23    24    23    23    24    24    24    23    24    24    24    24    23    23    23    23    24    24    24    24    24    24    24    24    24    24    24    24    24    15     0     0     0     0     0     0     0     0     0     0     0     0     0     0     0     0     0     0     0     0     0     0     0     0     0     0     0
151 - Rio Bermejo-Finc     0     0     0     0     0     0     0     0     0     0     0     0     0     0     0     0     0     0     0     0     0     0     0     0     0     0     0     0     0     0     1     6     6     6     6     6     6     6     6     6     6     6     6     6     6     6     6     6     6     6     6     6     6     5     4     6     6     6     6     6     6     6     6     6     6     2     0     0     0     0     0     0     0     0     0     0     0     0     0     0     0     0     0     0     0     0     0     0     0     0     0     0     0
154 - Rio Bermejo-Puer     0     0     0     0     0     0     0     0     0     0     0     0     0     0     0     0     0     0     0     0     0     0     0     0     0     0     0     0     0     0     1     6     6     6     6     6     6     6     6     6     6     6     6     6     6     6     6     6     6     6     6     6     6     5     4     6     6     6     6     6     6     6     6     6     6     2     0     0     0     0     0     0     0     0     0     0     0     0     0     0     0     0     0     0     0     0     0     0     0     0     0     0     0
155 - Rio Bermejo-Puer     0     0     0     0     0     0     0     0     0     0     0     0     0     0     0     0     0     0     0     0     0     0     0     0     0     0     0     0     0     0     1     6     6     6     6     6     6     6     6     6     6     6     6     6     6     6     6     6     6     6     6     6     6     5     4     6     5     0     0     0     4     6     6     6     6     2     0     0     0     0     0     0     0     0     0     0     0     0     0     0     0     0     0     0     0     0     0     0     0     0     0     0     0
168 - Río Carcarañá en     0     0     0     0     2     6     1     0     0     1     1     1     0     0     0     0     0     0     0     0     0     0     0     0     0     0     0     0     0     0     0     0     0     0     0     0     0     0     0    23    24    24    24    24    24    24    24    24    24    24    24    24    24    24    24    24    23    24    24    24    24    24    24    24    24    15     0     0     0     0     0     0     0     0     0     0     0     0     0     0     0     0     0     0     0     0     0     0     0     0     0     0     0
85 - Rio Carrenleufu e     1     6     6     0     0     0     0     2     6     6     6     2     0     0     0     2     6     6     5     0     0     2     6     6     6     6     1     3     5     2     0     0     4     6     1     5     6     6     6     6     6     2     3     6     6     6     6     6     6     6     2     2     6     6     2     2     6     6     2     3     6     6     6     6     6     4     0     0     0     0     0     0     0     0     0     0     0     0     0     0     0     0     0     0     0     0     0     0     0     0     0     0     0
240 - Río CHubut - El      0     0     0     0     0     0     0     0     0     0     0     0     0     0     0     0     0     0     0     0     0     0     0     0     0     0     0     0     0     0     0     0     0     0     0     0     0     0     0     0     0     0     0     0     0     0     0     0     0     0     0     0     0     0     0     0     0     0     0     0     0     0     4     4     4     0     0     0     0     0     0     0     0     0     0     0     0     0     0     0     0     0     0     0     0     0     0     0     0     0     0     0     0
87 - Río Chubut en Ame     0     0     0     3     3     0     0     0     0     3     1     1     0     0     0     0     0     3     5     0     1     0     0     3     0     0     3     2     3     3     0     3     2     3     2     3     2     4     3     0     0     0     3     6     6     4     4     3     4     4     6     6     3     6     6     4     6     6     6     6     6     6     6     6     6     4     0     0     0     0     0     0     0     0     0     0     0     0     0     0     0     0     0     0     0     0     0     0     0     0     0     0     0
57 - Río Chubut en los     6     3     0     0     0     0     0     0     0     1     0     0     0     0     0     0     0     0     0     0     0     0     0     0     0     0     0     0     0     0     0     0     0     0     0     0     0     0     0     0     0     0     0     0     0     0     0     0     0     0     0     0     0     0     0     0     0     0     0     0     0     0     0     0     0     0     0     0     0     0     0     0     0     0     0     0     0     0     0     0     0     0     0     0     0     0     0     0     0     0     0     0     0
49 - RIO CHUBUT EN TRE    22    24    24    24    24    24    22    24    24    24    24    24    23    24    22    24    23    23    24    24    24    23    21    22    24    24    24    24    18    13    24    23    24    24    24    22     7     0    23    24    24    22    23    23    24    24    24    24    23    22    20    24    23    24    24    23    24    23    23    24    23    24    24    21    23    14     0     0     0     0     0     0     0     0     0     0     0     0     0     0     0     0     0     0     0     0     0     0     0     0     0     0     0
17 - Río Chubut en Val     0     0     0     0     0     0     0     0     0     0     0     0     0     0     0     0     0     0     0     0     0     0     0     0     0     0     0     0     0     0     0     0     0     0     0     0     0     0     0     0     0     0     0     0     0     0     0     0     0     0     0     0     0     0     0     0     0     0    42    90    95    89    96    95     1     0     0     0     0     0     0     0     0     0     0     0     0     0     0     0     0     0     0     0     0     0     0     0     0     0     0     0     0
33 - Río Coronda en Co    20    21    18    18    16    21    17    19    20    19    21    14    21    17    20    21    14    21    15    18    18    17    12     9     9     9     7    11     9     4    10     7    15    14    24    11    20    24    22    18    12     9     9     4    10    14    11    12     8    13     7    10     9     8    15    12     6    15     7    12     6     5     4     5     6     3     0     0     0     0     0     0     0     0     0     0     0     0     0     0     0     0     0     0     0     0     0     0     0     0     0     0     0
162 - Río Corrientes       0     2     0     2     6     6     6     6     2     0     0     0     0     0     0     0     0     0     0     0     0     0     0     0     0     0     0     0     0     0     0     0     0     0     0     0     0     0     0     0     0     0     0     0     0     0     0     0     0     0     1     6     6     6     6     6     6     6     6     6     6     6     6     6     6     4     0     0     0     0     0     0     0     0     0     0     0     0     0     0     0     0     0     0     0     0     0     0     0     0     0     0     0
166 - Río Cuarto en RN     0     0     0     1     1     6     1     0     0     0     0     0     0     0     0     0     0     0     0     0     1     0     0     0     0     0     0     0     0     0     0     1    10     2    24     4     1     0    23    19     2     5     4     0     1     1     7     7     7     9     5     3     8     8     7     4     9     8     5     3     2     3     2     5     3     2     0     0     0     0     0     0     0     0     0     0     0     0     0     0     0     0     0     0     0     0     0     0     0     0     0     0     0
224 - Rio de las Vuelt     0     0     0     0     0     0     0     0     0     0     0     0     0     0     0     0     0     0     0     0     0     0     0     0     0     0     0     0     0     0     0     0     0     0     0     0     0     0     0     0     0     0     0     0     0     0     0     0     0     0     0     0     0     0     0     0     0     6     6     6     6     6     6     6     6     3     0     0     0     0     0     0     0     0     0     0     0     0     0     0     0     0     0     0     0     0     0     0     0     0     0     0     0
29 - Rio de los Patos      6     6     6     6     6     6     6     6     6     6     6     6     5     6     6     6     6     6     6     6     6     6     6     6     6     5     6     6     6     6     6     6     6     6     2     5     6     6     6     6     6     6     6     6     6     6     6     6     6     6     6     6     6     6     6     6     6     6     6     6     6     6     6     6     6     4     0     0     0     0     0     0     0     0     0     0     0     0     0     0     0     0     0     0     0     0     0     0     0     0     0     0     0
91 - Río Dulce Paso de     0     0     0     0     0     0     0     0     0     0     0     0     0     0     0     0     0     0     0     0     0     0     0     0     0     0     0     0     0     2     6     6     6     6     1     5     6     6     6     6     6     6     6     6     6     6     6     6     6     6     6     6     6     6     6     6     6     6     6     6     6     6     6     6     6     4     0     0     0     0     0     0     0     0     0     0     0     0     0     0     0     0     0     0     0     0     0     0     0     0     0     0     0
32 - Río Grande en La      6     6     6     6     6     6     6     6     6     6     6     6     6     6     6     6     6     6     6     6     6     6     6     6     6     6     6     6     5     6     6     6     6     6     1     5     6     6     5     6     6     6     6     6     6     6     5     6     6     5     6     6     6     5     6     6     6     6     6     6     6     6     6     6     6     4     0     0     0     0     0     0     0     0     0     0     0     0     0     0     0     0     0     0     0     0     0     0     0     0     0     0     0
2 - Río Gualeguaychú e     0     0     0     0     0     0     0     0     0     0     0     0     0     0     0     0     0     0     0     0     0     0     0     0     0     0     0     0     0     0     0     0     0     0     0     0     0     0     0     0     0     0     0     0     0     0     0     0     0     0     0     0     0     0     0     0     0     0     0     0     0     0     0     0     0     0     0     0     0     0     0     0     0     0     0     0     0     0     0     0     0     0     0     0     0     0     0     0     0     0     0     0     0
169 - Río Gualeguay en     0     0     0     0     1     7     2     0     0     0     1     0     0     0     0     0     0     0     0     0     0     0     0     0     0     0     0     0     0     2    13     5    13     5    24     7     5     0    23    17     9    11    11     3     7     5     8     6     5     4     5     4     9     5    10     7     8    10     7    11     9     9    10     6     6     2     0     0     0     0     0     0     0     0     0     0     0     0     0     0     0     0     0     0     0     0     0     0     0     0     0     0     0
167 - Río Gualeguay Ro     0     0     0     0     0     6     1     1     0     0     0     0     0     0     0     0     0     0     0     0     0     0     0     0     0     0     0     0     0     0     0     0     2     1    24     2     3     0    23    19     1     0     2     3     1     0     0     6     7     4     2     4     7     4    10     2     1    10     1     6     9     4     8     6     8     3     0     0     0     0     0     0     0     0     0     0     0     0     0     0     0     0     0     0     0     0     0     0     0     0     0     0     0
71 - Rio Guayquiraró e    23    23    22    24    22    24    23    23    22    23    24    23    23    19    22    20    22    22    24    20    22    24    24    22    22    22    23    22    16    14    23    22    21    22    24    21     8     0    23    24    23    23    22    22    22    24    23    23    23    23    24    22    24    23    22    24    22    22    23    22    22    22    23    22    22    12     0     0     0     0     0     0     0     0     0     0     0     0     0     0     0     0     0     0     0     0     0     0     0     0     0     0     0
84 - Río Iguazú en Pue     6     6     6     6     6     6     6     6     6     6     6     6     6     6     6     6     6     6     6     6     6     6     6     6     6     6     6     6     6     6     6     6     5     6     0     3     6     6     6     6     6     6     6     6     6     6     6     6     6     6     6     6     6     6     6     6     6     6     6     6     6     6     6     6     6     4     0     0     0     0     0     0     0     0     0     0     0     0     0     0     0     0     0     0     0     0     0     0     0     0     0     0     0
27 - Río Juramento - E    92    91    93    90    90    92    91    92    95    92    91    93    93    92    94    93    95    90    94    92    93    92    95    93    90    92    93    91    68    55    92    94    95    92    96    82    29     0    95    94    87    90    92    90    93    92    94    93    92    94    94    94    93    91    94    95    93    89    95    92    91    93    95    90    92    58     0     0     0     0     0     0     0     0     0     0     0     0     0     0     0     0     0     0     0     0     0     0     0     0     0     0     0
20 - Rio Lujan - Lujan    94    96    89    96    96    96    96    96    96    95    96    96    96    96    96    96    96    96    96    96    96    96    96    96    96    96    96    91    70    56    95    96    95    95    96    88    30     0    95    94    46    96    96    96    96    43    96    96    95    96    96    96    95    95    96    96    96    96    96    96    96    96    96    96    96    60     0     0     0     0     0     0     0     0     0     0     0     0     0     0     0     0     0     0     0     0     0     0     0     0     0     0     0
70 - Río Lules en Potr     4     4     2     3     3     6     2     5     5     3     5     6     4     3     6     2     2     6     4     6     4     3     6     4     4     5     4     4     6     3     5     3     4     4     0     5     2     5     4     5     5     4     5     6     2     4     1     3     4     5     5     4     5     2     5     4     4     5     4     5     5     5     5     4     3     4     0     0     0     0     0     0     0     0     0     0     0     0     0     0     0     0     0     0     0     0     0     0     0     0     0     0     0
61 - Río Manso - Confl     0     0     0     0     0     0     0     0     0     0     0     0     0     0     0     0     0     0     0     0     0     0     0     0     0     0     0     0     0     0     0     0     0     0     4     0     0     0     0     0     0     6     6     6     5     6     3     0     0     0     0     0     0     0     0     0     0     0     0     1     6     6     5     6     6     4     0     0     0     0     0     0     0     0     0     0     0     0     0     0     0     0     0     0     0     0     0     0     0     0     0     0     0
63 - Río Mayo - Paso R     0     0     0     0     0     0     0     0     0     0     0     0     0     0     0     0     0     0     0     0     0     0     0     0     0     0     0     0     0     0     0     0     0     0     4     0     0     3     6     6     6     6     3     0     0     0     0     0     0     0     0     0     0     0     0     0     0     0     0     0     3     6     6     6     6     4     0     0     0     0     0     0     0     0     0     0     0     0     0     0     0     0     0     0     0     0     0     0     0     0     0     0     0
89 - Río Mendoza en Gu     0     0     0     0     0     0     0     0     0     0     0     0     0     0     0     0     0     0     0     0     0     0     0     0     0     0     0     0     0     0     0     2     5     6     5     3     6     6     6     6     6     6     6     4     6     6     6     6     6     6     6     6     6     6     6     5     6     6     6     6     6     6     6     6     6     4     0     0     0     0     0     0     0     0     0     0     0     0     0     0     0     0     0     0     0     0     0     0     0     0     0     0     0
55 - Río Neuquén en Ch     0     0     0     0     0     0     0     0     0     0     0     0     0     0     0     0     0     0     0     0     0     1     3     0     0     0     0     0     0     0     0     0     5     5     6     1     2     0     5     5     2     1     3     3     0     1     0     2     3     0     1     1     2     0     3     1     2     3     0     5     1     0     0     0     0     1     0     0     0     0     0     0     0     0     0     0     0     0     0     0     0     0     0     0     0     0     0     0     0     0     0     0     0
6 - Río Paraguay en Pt     6     6     6     6     6     6     6     6     6     6     6     6     6     6     6     6     6     6     6     6     6     6     6     6     6     6     6     6     6     6     6     6     6     5     1     5     6     6     6     6     6     6     6     6     6     6     6     6     6     6     6     6     6     6     6     6     6     6     6     5     6     6     6     6     6     4     0     0     0     0     0     0     0     0     0     0     0     0     0     0     0     0     0     0     0     0     0     0     0     0     0     0     0
26 - Río Paraguay - Pt     6     6     6     6     6     6     6     6     6     6     6     6     6     6     6     6     6     6     6     6     6     6     6     6     6     6     6     6     6     6     6     6     6     6     5     5     6     6     6     6     6     6     6     6     3     0     0     2     6     6     6     6     6     6     6     6     6     6     6     6     6     6     6     6     6     4     0     0     0     0     0     0     0     0     0     0     0     0     0     0     0     0     0     0     0     0     0     0     0     0     0     0     0
5 - Río Paraná en Corr    23    24    24     9     0    23    24    24    24    21    22    23    21    23    22    22    24    24    23    23    24    23    23    23    19    22    23    22    18    14    21    23    12     0    23    24     8     0    23    24    24    23    22    24    23    24    22    24    23    23    23    23    24    24    23    24    22    23    24    24    23    24    23    24    23    15     0     0     0     0     0     0     0     0     0     0     0     0     0     0     0     0     0     0     0     0     0     0     0     0     0     0     0
25 - Río Paraná - Goya    95    95    96    93    96     4     0     0    18    94    95    94    95    96    34    79    94    93    96    93    94    94    95    96    95    95    93     0     0     0    37    94    80     0     0     0     0     0     0    31    16    53    92    23    96    93    94    94    95    32     0     0    43    95    96    95    96    95    94    94    95    93    96    94    85     0     0     0     0     0     0     0     0     0     0     0     0     0     0     0     0     0     0     0     0     0     0     0     0     0     0     0     0
23 - Río Paraná - Itat    22    24    24    24    23    24    24    24    24    24    24    24    23    24    24    24    24    23    23    24    24    23    24    24    24    24    24    24    18    13    23    24    24    24    24    22     8     0    23    24    24    24    24    22    24    23    23    23    23    22    24    22    22    24    24    24    23    24    23    24    22    24    23    23    22    15     0     0     0     0     0     0     0     0     0     0     0     0     0     0     0     0     0     0     0     0     0     0     0     0     0     0     0
36 - Río Percey Ruta a     1     2     3     2     6     2     0     2     6     6     3     1     2     6     1     2     6     1     3     6     3     4     6     6     6     1     3     6     5     6     6     3     6     2     1     4     6     6     6     6     6     6     5     6     6     6     6     5     6     6     6     6     6     6     6     6     6     6     6     6     6     6     6     6     6     4     0     0     0     0     0     0     0     0     0     0     0     0     0     0     0     0     0     0     0     0     0     0     0     0     0     0     0
31 - Río Poti Malal en     6     6     1     1     6     6     0     0     3     6     6     4     1     0     3     6     6     6     6     0     0     3     5     6     6     2     3     6     5     2     0     3     6     6     1     5     6     5     6     5     6     2     3     6     6     6     6     6     6     2     3     5     3     6     6     2     0     3     6     6     6     5     6     6     6     4     0     0     0     0     0     0     0     0     0     0     0     0     0     0     0     0     0     0     0     0     0     0     0     0     0     0     0
8 - Río Primero (Suquí     0     0     0     0     0     0     0     0     0     0     0     0     0     0     0     0     0     0     0     0     0     0     0     0     0     0     0     0     0     0     0     6     6     8    14     7     0     0     0     4     2     3     0     9    15     1     0     0     3     0     0     0     2     5     6     5    14     5    20    14     7     9     8     7     0     0     0     0     0     0     0     0     0     0     0     0     0     0     0     0     0     0     0     0     0     0     0     0     0     0     0     0     0
39 - Rio Quequentreu e     5     4     5     3     6     5     6     6     5     6     6     6     5     6     2     6     4     3     2     1     2     3     6     6     6     6     6     6     5     6     6     6     6     6     1     5     5     6     6     5     6     6     6     6     6     6     6     6     6     6     6     6     6     6     6     6     6     6     6     6     6     6     6     6     6     4     0     0     0     0     0     0     0     0     0     0     0     0     0     0     0     0     0     0     0     0     0     0     0     0     0     0     0
35 - Rio Quinto - Just    23    23    24    24    24    24    24    24     7     0     0     0     0     0     0     0     0     0     0     0    18    23    24    23     2    10    23    12     6     0     0     0     0     0     0     0     0     0     0     0     0     0     0     0     0     0     0     0     0     0     0     0     0     0     0     0     0     0     0     0    11    23    24     2     0     0     0     0     0     0     0     0     0     0     0     0     0     0     0     0     0     0     0     0     0     0     0     0     0     0     0     0     0
30 - Río Salado en Cañ     5     6     3     6     6     5     6     2     3     6     6     6     5     6     6     6     6     5     4     6     6     2     3     6     6     6     6     6     6     6     6     4     6     6     1     5     6     6     6     6     6     6     6     6     6     6     6     6     6     6     6     6     6     6     6     5     6     6     6     6     6     6     6     6     6     4     0     0     0     0     0     0     0     0     0     0     0     0     0     0     0     0     0     0     0     0     0     0     0     0     0     0     0
19 - Río Salado en San    95    96    95    95    74     0    95    96    96    96    96    96    96    96    94    95    96    96    96    95    96    94    96    96    95    96    96    94    70    56    95    95    96    90     0    86     1     0    95    96    95    95    96    96    95    92    96    96    96    96    96    96    96    96    96    95    96    96    95    96    96    95    96    94    96    57     0     0     0     0     0     0     0     0     0     0     0     0     0     0     0     0     0     0     0     0     0     0     0     0     0     0     0
158 - Río Salado - Pin     0     0     6     3     6     6     6     6     6     3     0     0     0     0     0     0     0     0     0     0     0     0     0     0     0     0     0     0     0     0     0     0     0     0     0     0     0     0     0     0     0     0     0     0     0     0     0     0     0     0     0     0     0     0     0     0     0     0     0     1     6     6     6     6     6     4     0     0     0     0     0     0     0     0     0     0     0     0     0     0     0     0     0     0     0     0     0     0     0     0     0     0     0
194 - Rio Salado-RN2       0     0     0     0     0     0     0     0     0     0     0     0     0     0     0     0     0     0     0     0     0     0     0     1     1     3     1     2     3     4     2     2    10     1    23     0     0     0    23    16     0     2     2     0     2     1     3     2     0     0     1     0     2     3     5     0     1     8     0     1     2     1     0     0     1     0     0     0     0     0     0     0     0     0     0     0     0     0     0     0     0     0     0     0     0     0     0     0     0     0     0     0     0
1 - Río Salado – RP51      0     0     0     0    95    36     0     0     0     0     0     0     0     0     0     0     0     0     0     0     0     0     0     0     0     0     0     0     0     0     0     0     0     0     0     0     0     0     0    23     5     0     0     0     3     0     0     0     0     0     0     0     0     0     0     0     0     0     0     0     0     0     0     0     0     0     0     0     0     0     0     0     0     0     0     0     0     0     0     0     0     0     0     0     0     0     0     0     0     0     0     0     0
7 - Río Salto - Salto     93    92    92    94    93    94    93    96    95    93    94    94    91    95    94    95    93    94    94    95    91    94    89    88    92    93    92    93    70     8     0     0     0     0     0     0     0     0     0     0     0     0     0     0     0     0     0     0     0     0    11    24    24    24    24    24    24    24    24    24    24    24    24    24    13     0     0     0     0     0     0     0     0     0     0     0     0     0     0     0     0     0     0     0     0     0     0     0     0     0     0     0     0
15 - Río Santa Cruz en     0     0     0     0     0     0     0     0     0     0     0     0     0     0     0     0     0     0     0     0     0     0     0     0     0     0     0     0     0     0     0     0     0     0     0     0     0     0     0     0     0     0     0     0     0     0     0     0     0     0     0     0     0     0     0     0     0     0     0     0     0     0     0    11    24    14     0     0     0     0     0     0     0     0     0     0     0     0     0     0     0     0     0     0     0     0     0     0     0     0     0     0     0
9 - Río Segundo (Pluju     0    23    23    23    23    24    23    23    23    24    23    22    23    20    22    24    22    23    23    22    23    23    23    24    21     0     0     0     0     0     0     0    23    20    24    23     4     0    23    24    15     0    21    22    24    23    24    23    24    24    24    24    23     1     0     0     0     0     0     0     0    22    24    24    22    15     0     0     0     0     0     0     0     0     0     0     0     0     0     0     0     0     0     0     0     0     0     0     0     0     0     0     0
74 - Río Senguer en Sa    95    96    96    96    96    96    96    96    96    96    96    96    96    96    96    96    96    96    96    96    96    96    96    96    96    96    96    96     2    94    96     2     0     1     0    95     2     0     0     0    95    96    96    96    96    96    96    96    96    96    96    96    96    96    96    96     2     0    95     6    24    24    24    24    24    15     0     0     0     0     0     0     0     0     0     0     0     0     0     0     0     0     0     0     0     0     0     0     0     0     0     0     0
192 - Río Senguer Puen     0     0     0     0     0     0     0     0     0     0     0     0     0     0     0     0     0     0    31    94    96    92    92    95    95    91    93    95    71    56    93    93    95    96    95    86     2     0    95    95    95    95    95    93    93    96    92    92    94    94    93    96    94    93    95    94    93    93    94    93    95    96    95    94    94    59     0     0     0     0     0     0     0     0     0     0     0     0     0     0     0     0     0     0     0     0     0     0     0     0     0     0     0
163 - Río Tunuyan en V     0     3     0     1     6     6     3     0     0     0     0     0     0     0     0     0     0     0     0     0     0     0     0     0     0     0     0     0     0     1     3     2     2     0     0     0     1     0     0     2     1     1     2     1     1     2     0     1     0     1     0     1     0     1     0     0     1     0     1     0     0     0     2     1     2     0     0     0     0     0     0     0     0     0     0     0     0     0     0     0     0     0     0     0     0     0     0     0     0     0     0     0     0
75 - Río Uspallata - U     0     0     0     0     0     0     0     0     0     0     0     0     0     0     0     0     0     0     0     0     0     0     0     0     0     0     0     0     0     0     0     0     0     0     0     0     0     0     0     0     0     0     0     0     0     0     0     0     0     0     0     0     0     0     0     0     0     0     0     0     0     0     0     0     0     0     0     0     0     0     0     0     0     0     0     0     0     0     0     0     0     0     0     0     0     0     0     0     0     0     0     0     0
178 - Ruta Provincial      0     0     0     0     0     0     0     0     0     0     0     0     0     0     0     0     0     0     0     0     0     0     0     0     0     0     0     0     0     0     0     3     0    16    20     0    13     0     0     0     0    14     3     4    24    24    20     0     0     0     0     0    18    22    12    24    23    22    24    24    23    24    24    24    23    15     0     0     0     0     0     0     0     0     0     0     0     0     0     0     0     0     0     0     0     0     0     0     0     0     0     0     0
174 - Seminario Dioces     0     0     0     0     0     0     0     0     0     0     0     0     0     0     0     0     0     0     0     0     0     0     3     4     4     4     4     4     4     1     0     0     0     0     3     4     4     4     4     4     4     4     4     4     1     0     4     4     4     4     4     4     4     1     3     4     4     4     4     4     4     4     4     4     4     1     0     0     0     0     0     0     0     0     0     0     0     0     0     0     0     0     0     0     0     0     0     0     0     0     0     0     0
38 - Senguer - LOS MOL     0     0     0     0     0     0     0     0     0     0     0     0     0     0     0     0     0     0     0     0     0     0     0     0     0     0     0     0     0     0     0     0     0     0     0     0     0     0     0     0     0     0     0     0     0     0     0     0     0     0     0     0     0     0     0     0     0     0     0     1     5     6     3     4     6     4     0     0     0     0     0     0     0     0     0     0     0     0     0     0     0     0     0     0     0     0     0     0     0     0     0     0     0
190 - Suncho Corral        0     0     0     0     0     0     0     0     0     0     0     0     0     0     0     0     0     0     0     0     0     0     0     0     0     0     0     0     0     0     1    12    12    12    12    12    12    12    12    12    12    12    12    11     9    12    12    12    12    12    12    12    12     5     7    12    12    12    12    12    12    12    12    12    11     2     0     0     0     0     0     0     0     0     0     0     0     0     0     0     0     0     0     0     0     0     0     0     0     0     0     0     0
73 - Tupungato en Punt     0     0     0     6    24    15     0     0     0     0     0    23    15     0     0     0     0     0     0     0     0     0     0     0     0     0     0     0     0     0     0     0     0     0     0     0     0     0     0     0     0     0     0     0     0     0     0     0     0     0     0     0     0     0     0     0     0     0     0     0     0     0     0     0     0     0     0     0     0     0     0     0     0     0     0     0     0     0     0     0     0     0     0     0     0     0     0     0     0     0     0     0     0
