Cantidad de registros por mes.
Red: SiNaRaMe (3).
Variable: _Veleta (11).
Año: 2019

Fecha:                    01    02    03    04    05    06    07    08    09    10    11    12
137 - RMA10_CPR            0     0     0     0     0     0     0   286   381
139 - RMA10_JAR            0     0     0     0     0     0     0   288   382
136 - RMA10_PAL            0     0     0     0     0     0     0   282     0
138 - RMA10_PIG            0     0     0     0     0     0     0   287   383
140 - RMA10_PLU            0     0     0     0     0     0     0   288   382
143 - RMA11_CON            0     0     0     0     0     0     0   264   383
145 - RMA11_LAV            0     0     0     0     0     0     0     0     0
141 - RMA11_LMA            0     0     0     0     0     0     0     0     0
144 - RMA11_PHO            0     0     0     0     0     0     0   288   383
146 - RMA11_SAN            0     0     0     0     0     0     0     0     0
142 - RMA11_SMT            0     0     0     0     0     0     0     0     0
94 - RMA1_BAL              0     0     0     0     0     0     0   288     0
96 - RMA1_FDC              0     0     0     0     0     0  1470  1356   265
98 - RMA1_MIR              0     0     0     0     0   170  4454  4464   521
95 - RMA1_PIL              0     0     0     0     0     0     0   284   378
97 - RMA1_VMA              0     0     0     0     0     0     0   283     0
103 - RMA2_AKO             0     0     0     0     0     0     0     0     0
100 - RMA2_LUJ             0     0     0     0     0     0     0   288     0
102 - RMA2_QUI             0     0     0     0     0     0     0     0     0
101 - RMA2_SAG             0     0     0     0     0     0     0   288     0
99 - RMA2_ZAR              0     0     0     0     0     0     0   248     0
105 - RMA3_IBA             0     0     0     0     0     0     0   288   382
108 - RMA3_IJU             0     0     0     0     0     0     0   288   383
106 - RMA3_PIR             0     0     0     0     0     0     0  2668   338
104 - RMA3_PLA             0     0     0     0     0     0   399   726    87
107 - RMA3_PZL             0     0     0     0     0     0     0  2015   383
109 - RMA4_CBN             0     0     0     0     0     0     0     0   379
111 - RMA4_COL             0     0     0     0     0     0     0   287     0
112 - RMA4_LAE             0     0     0     0     0     0     0  1727   383
110 - RMA4_PCH             0     0     0     0     0     0     0   288   380
113 - RMA4_PMB             0     0     0     0     0     0     0   239   382
116 - RMA5_ELD             0     0     0     0     0     0     0   287   382
114 - RMA5_SAN             0     0     0     0     0     0     0     0     0
117 - RMA5_SVI             0     0     0     0     0     0     0   287   344
115 - RMA5_URU             0     0     0     0     0     0     0  2011   381
118 - RMA6_CVI             0     0     0     0     0     0     0   286   376
119 - RMA6_LPA             0     0     0     0     0     0     0   288   382
122 - RMA6_MME             0     0     0     0     0     0     0   286     0
121 - RMA6_NEC             0     0     0     0     0     0     0   285   370
120 - RMA6_PMO             0     0     0     0     0     0     0   287   383
93 - RMA7_CDP              0     0     0     0     0     0     0   119    10
123 - RMA7_ECH             0     0     0     0     0     0     0   275   367
126 - RMA7_GRO             0     0     0     0     0     0     0   288   383
124 - RMA7_PHU             0     0     0     0     0     0     0   280   359
125 - RMA7_RSA             0     0     0     0     0     0     0   288   383
128 - RMA8_BPL             0     0     0     0     0     0     0   288   383
129 - RMA8_BVI             0     0     0     0     0     0     0   286   383
127 - RMA8_CC              0     0     0     0     0     0     0   288     0
130 - RMA8_PIB             0     0     0     0     0     0   400   725    85
135 - RMA9_CKR             0     0     0     0     0     0     0  2360   366
131 - RMA9_RAD             0     0     0     0     0     0     0   107    53
132 - RMA9_SSE             0     0     0     0     0     0     0  1940   383
133 - RMA9_TOL             0     0     0     0     0     0     0   131   307
134 - RMA9_USH             0     0     0     0     0     0     0     0   294
