Cantidad de registros por mes.
Red: SiNaRaMe (3).
Variable: _Anemometro (10).
Año: 2019

Fecha:                    01    02    03    04    05    06    07    08    09    10    11    12
137 - RMA10_CPR            0     0     0     0     0     0     0  2006   382
139 - RMA10_JAR            0     0     0     0     0     0     0  2016   383
136 - RMA10_PAL            0     0     0     0     0     0   577  4358   376
138 - RMA10_PIG            0     0     0     0     0     0     0  1727   144
140 - RMA10_PLU            0     0     0     0     0     0     0   288   382
143 - RMA11_CON            0     0     0     0     0     0     0     0     0
145 - RMA11_LAV            0     0     0     0     0     0     0     0   382
141 - RMA11_LMA            0     0     0     0     0     0     0     0     0
144 - RMA11_PHO            0     0     0     0     0     0     0     0     0
146 - RMA11_SAN            0     0     0     0     0     0     0     0   383
142 - RMA11_SMT            0     0     0     0     0     0     0     0     0
94 - RMA1_BAL              0     0     0     0     0     0     0     0     0
96 - RMA1_FDC              0     0     0     0     0     0  1470  1356   265
98 - RMA1_MIR              0     0     0     0     0   170  4454  4464   521
95 - RMA1_PIL              0     0     0     0     0     0     0     0   378
97 - RMA1_VMA              0     0     0     0     0     0     0     0   379
103 - RMA2_AKO             0     0     0     0     0     0     0     0     0
100 - RMA2_LUJ             0     0     0     0     0     0     0     0     0
102 - RMA2_QUI             0     0     0     0     0     0     0     0     0
101 - RMA2_SAG             0     0     0     0     0     0    72   288     0
99 - RMA2_ZAR              0     0     0     0     0     0     0   248     0
105 - RMA3_IBA             0     0     0     0     0     0     0  1728   144
108 - RMA3_IJU             0     0     0     0     0     0     0     0   383
106 - RMA3_PIR             0     0     0     0     0     0     0     0     0
104 - RMA3_PLA             0     0     0     0     0     0     0     0     0
107 - RMA3_PZL             0     0     0     0     0     0     0     0     0
109 - RMA4_CBN             0     0     0     0     0     0     0     0     0
111 - RMA4_COL             0     0     0     0     0     0     0     0     0
112 - RMA4_LAE             0     0     0     0     0     0     0  1727   144
110 - RMA4_PCH             0     0     0     0     0     0     0     0     0
113 - RMA4_PMB             0     0     0     0     0     0     0   935   144
116 - RMA5_ELD             0     0     0     0     0     0     0     0     0
114 - RMA5_SAN             0     0     0     0     0     0     0     0     0
117 - RMA5_SVI             0     0     0     0     0     0     0     0   344
115 - RMA5_URU             0     0     0     0     0     0     0     0     0
118 - RMA6_CVI             0     0     0     0     0     0     0   286   376
119 - RMA6_LPA             0     0     0     0     0     0     0     0   382
122 - RMA6_MME             0     0     0     0     0     0     0     0     0
121 - RMA6_NEC             0     0     0     0     0     0   594   285   370
120 - RMA6_PMO             0     0     0     0     0     0   593  2012   383
93 - RMA7_CDP              0     0     0     0     0     0    41     0    10
123 - RMA7_ECH             0     0     0     0     0     0     0   275   367
126 - RMA7_GRO             0     0     0     0     0     0     0   288     0
124 - RMA7_PHU             0     0     0     0     0     0     0     0   359
125 - RMA7_RSA             0     0     0     0     0     0     0     0   383
128 - RMA8_BPL             0     0     0     0     0     0     0  1706   144
129 - RMA8_BVI             0     0     0     0     0     0     0     0     0
127 - RMA8_CC              0     0     0     0     0     0     0  1728   383
130 - RMA8_PIB             0     0     0     0     0     0     0     0     0
135 - RMA9_CKR             0     0     0     0     0     0   350    88   366
131 - RMA9_RAD             0     0     0     0     0     0     0     0     0
132 - RMA9_SSE             0     0     0     0     0     0     0   213   383
133 - RMA9_TOL             0     0     0     0     0     0     0     0   307
134 - RMA9_USH             0     0     0     0     0     0     0     0   294
