Cantidad de registros por día.
Red: SiNaRaMe (3).
Variable: _Pres Atmosferica (15).
Mes: 2019-08

Fecha:                    01    02    03    04    05    06    07    08    09    10    11    12    13    14    15    16    17    18    19    20    21    22    23    24    25    26    27    28    29    30    31    01    02    03    04    05    06    07    08    09    10    11    12    13    14    15    16    17    18    19    20    21    22    23    24    25    26    27    28    29    30    01
137 - RMA10_CPR          143   143   143   143   144   144   144   144   144   144   144   144   143   144   143   144   144   143   144   144   144   144   138   144   144   144   144   143   144   143   144   144   144   143    90     0     0     0     0     0     0     0     0     0     0     0     0     0     0     0     0     0     0     0     0     0     0     0     0     0     0     0
139 - RMA10_JAR          144   144   144   144   144   144   144   144   144   144   144   144   144   143   144   144   144   144   144   144   144   144   144   144   144   144   144   144   144   144   144   144   144   144    89     0     0     0     0     0     0     0     0     0     0     0     0     0     0     0     0     0     0     0     0     0     0     0     0     0     0     0
136 - RMA10_PAL          141   141   141   141   142   134   143   143   142   143   142   143   143   141   141   141   129   144   143   139   142   123   140   143   141   144   143   138   143   142   142   141   143   144    85     0     0     0     0     0     0     0     0     0     0     0     0     0     0     0     0     0     0     0     0     0     0     0     0     0     0     0
138 - RMA10_PIG          144   143   144   144   144   144   144   144   144   144   144   144   144   144   144   144   144   144   144   144   144   144   144   144   144   144   144   144   144   143   144   144   144   144    90     0     0     0     0     0     0     0     0     0     0     0     0     0     0     0     0     0     0     0     0     0     0     0     0     0     0     0
140 - RMA10_PLU          144   144   144   144   144   144   143   143   144   143   143   144   144   144   144   143   144   144   144   140   143   143   144   144   144   144   142   143   144   143   144   144   143   143    88     0     0     0     0     0     0     0     0     0     0     0     0     0     0     0     0     0     0     0     0     0     0     0     0     0     0     0
143 - RMA11_CON          142   122   144   144   142   143   144   143   143   144   143   144   142   144   139   144   142   142   142   142   142   143   125   140   144   144   143   144   144   144   144   144   144   144    89     0     0     0     0     0     0     0     0     0     0     0     0     0     0     0     0     0     0     0     0     0     0     0     0     0     0     0
145 - RMA11_LAV          144   144   144   144   144   144   144   144   142   144   144   143   144   144   144   144   144   143   144   144   144   143   143   144   144   144   144   144   144   144   144   143   144   144    89     0     0     0     0     0     0     0     0     0     0     0     0     0     0     0     0     0     0     0     0     0     0     0     0     0     0     0
141 - RMA11_LMA          116    86   143   144   144   144   142   144   103   144   144   144   142   143   144   141   144   143   144   144   143   142   143   143   144   144   144   142   144   143   143   143   144   144    89     0     0     0     0     0     0     0     0     0     0     0     0     0     0     0     0     0     0     0     0     0     0     0     0     0     0     0
144 - RMA11_PHO          144   144   144   144   144   144   144   144   144   144   144   144   144   144   144   144   144   144   144   144   144   144   144   144   144   144   144   144   144   144   144   144   144   144    90     0     0     0     0     0     0     0     0     0     0     0     0     0     0     0     0     0     0     0     0     0     0     0     0     0     0     0
146 - RMA11_SAN          144   144   144   144   144   144   144   144   144   144   144   144   144   144   144   144   144   144   144   144   144   144   144   144   144   144   144   144   144   144   144   144   144   144    88     0     0     0     0     0     0     0     0     0     0     0     0     0     0     0     0     0     0     0     0     0     0     0     0     0     0     0
142 - RMA11_SMT          143   144   144   144   144   144   144   143   144   144   144   144   144   144   144   143   144   144   144   144   144   144   144   144   144   144   144   144   144   144   144   144   144   144    90     0     0     0     0     0     0     0     0     0     0     0     0     0     0     0     0     0     0     0     0     0     0     0     0     0     0     0
94 - RMA1_BAL            144   144   144   144   144   144   144   144   144   144   144   144   144   144   144   144    89   144   144   144   144   144   126   141   144   144   143   144   144   144   142   144   144   144    89     0     0     0     0     0     0     0     0     0     0     0     0     0     0     0     0     0     0     0     0     0     0     0     0     0     0     0
96 - RMA1_FDC              0    76    34     0     0     0     0     0     0     0     0     0     0   113    49     0   117    49     0    64     2     1     0    81   143   123   113   144    98    96    53    82    53    91    39     0     0     0     0     0     0     0     0     0     0     0     0     0     0     0     0     0     0     0     0     0     0     0     0     0     0     0
98 - RMA1_MIR            144   144   144   144   144   144   144   144   144   144   144   144   144   144   144   144   144   144   144   144   144   144   144   144   144   144   144   144   144   144   144   144   143   144    89     0     0     0     0     0     0     0     0     0     0     0     0     0     0     0     0     0     0     0     0     0     0     0     0     0     0     0
95 - RMA1_PIL            143   141   138   141   139   144   142   143   143   144   142   144   144   142   139   133   142   143   139   141   139   143   138   136   141   142   143   142   142   142   144   142   143   141    87     0     0     0     0     0     0     0     0     0     0     0     0     0     0     0     0     0     0     0     0     0     0     0     0     0     0     0
97 - RMA1_VMA            140   143   138   144   141   139   139   128   142   143   141   141   143   143   141   143   140   143   142   141   141   138   143   140   140   143   142   144   144   137   142   141   143   144    88     0     0     0     0     0     0     0     0     0     0     0     0     0     0     0     0     0     0     0     0     0     0     0     0     0     0     0
103 - RMA2_AKO             0     0     0     0     0     0     0     0     0     0     0     0     0     0     0     0     0     0     0     0     0     0     0     0     0     0     0     0     0     0     0     0     0     0     0     0     0     0     0     0     0     0     0     0     0     0     0     0     0     0     0     0     0     0     0     0     0     0     0     0     0     0
100 - RMA2_LUJ           144   144   144   144   143   144   144   143   144   144   144   144   143   144   144   144   144   144   144   144   144   144   143   144   144   144   144   144   144   144   144   144   144   142    89     0     0     0     0     0     0     0     0     0     0     0     0     0     0     0     0     0     0     0     0     0     0     0     0     0     0     0
102 - RMA2_QUI             0     0     0     0     0     0     0     0     0     0     0     0     0     0     0     0     0     0     0     0     0     0     0     0     0     0     0     0     0     0     0     0     0     0     0     0     0     0     0     0     0     0     0     0     0     0     0     0     0     0     0     0     0     0     0     0     0     0     0     0     0     0
101 - RMA2_SAG           144   144   144   144   144   144   144   144   144   143   144   143   144   143   144   144   144   144   144   143   143   144   144   144   144   144   144   144   144   144   144   144   144   144    88     0     0     0     0     0     0     0     0     0     0     0     0     0     0     0     0     0     0     0     0     0     0     0     0     0     0     0
99 - RMA2_ZAR             13   114     0     0     0     0     0     0     0     0     0     0     0     0     0     0    41    80     0     0     0     0     0     0     0     0     0     0     0     0     0     0     0     0     0     0     0     0     0     0     0     0     0     0     0     0     0     0     0     0     0     0     0     0     0     0     0     0     0     0     0     0
105 - RMA3_IBA           144   144   144   144   144   144   144   144   144   144   144   144   144   144   144   144   144   144   144   144   144   144   144   144   144   144   144   144   144   144   144   144   144   143    89     0     0     0     0     0     0     0     0     0     0     0     0     0     0     0     0     0     0     0     0     0     0     0     0     0     0     0
108 - RMA3_IJU           144   144   144   144   144   144   144   144   144   144   143   144   144   144   144   144   144   144   144   144   144   144   144   144   144   144   144   144   144   144   144   144   144   144    89     0     0     0     0     0     0     0     0     0     0     0     0     0     0     0     0     0     0     0     0     0     0     0     0     0     0     0
106 - RMA3_PIR           128   136   125   127   133   134   131   133   127   130   131   141   137   139   140   135   133   135   136   137   128   134   131   130   133   133   135   111   136   137   134   136   123   134    87     0     0     0     0     0     0     0     0     0     0     0     0     0     0     0     0     0     0     0     0     0     0     0     0     0     0     0
104 - RMA3_PLA            23    22    23    24    23    23    23    22    23    23    24    23    24    23    23    24    22    23    23    23    24    23    22    12    24    24    24    23    23    22    22    22    24    24    14     0     0     0     0     0     0     0     0     0     0     0     0     0     0     0     0     0     0     0     0     0     0     0     0     0     0     0
107 - RMA3_PZL           144   144   144   144   144   144   144   144   144   144   144   144   144   144   144   144   144   144   144   144   144   144   144   144   143   144   144   144   144   144   144   144   144   144    89     0     0     0     0     0     0     0     0     0     0     0     0     0     0     0     0     0     0     0     0     0     0     0     0     0     0     0
109 - RMA4_CBN           140   139   143   139   141   144   139   141   140   143   143   142   141   140   137   138   142   142   141   140   142   142   123   139   143   142   142   142   142   141   142   143   143   142    87     0     0     0     0     0     0     0     0     0     0     0     0     0     0     0     0     0     0     0     0     0     0     0     0     0     0     0
111 - RMA4_COL           144   143   143   144   142   143   144   144   144   144   143   144   144   144   143   143   144   143   144   144   143   144   143   144   144   143   144   144   144   143   144   144   143   144    90     0     0     0     0     0     0     0     0     0     0     0     0     0     0     0     0     0     0     0     0     0     0     0     0     0     0     0
112 - RMA4_LAE           144   144   144   144   144   144   144   144   144   144   144   144   144   144   144   144   144   144   144   144   144   144   144   144   144   144   143   144   144   144   144   144   144   144    89     0     0     0     0     0     0     0     0     0     0     0     0     0     0     0     0     0     0     0     0     0     0     0     0     0     0     0
110 - RMA4_PCH           144   144   143   143   143   144   143   144   144   144   144   144   143   144   143   143   143   144   144   144   144   144   144   143   144   143   144   143   142   144   144   143   144   142    90     0     0     0     0     0     0     0     0     0     0     0     0     0     0     0     0     0     0     0     0     0     0     0     0     0     0     0
113 - RMA4_PMB            95   144   144   144   137   102     0     0     0     0     0     0     0     0    32   106     0     0     0     0    31   144   136   136    93    27    65    62    65    81    95   144   143   143    90     0     0     0     0     0     0     0     0     0     0     0     0     0     0     0     0     0     0     0     0     0     0     0     0     0     0     0
116 - RMA5_ELD           144   143   144   143   143   142   142   143   144   144   143   143   142   144   144   142   143   142   143   142   144   144   144   144   143   144   143   143   144   144   143   143   144   144    89     0     0     0     0     0     0     0     0     0     0     0     0     0     0     0     0     0     0     0     0     0     0     0     0     0     0     0
114 - RMA5_SAN           143   141   143   143   142   143   144    82     0     0     0     0    81   144   144   144   143   143   143   143   143   144   144   143   142   143   143   143   143   142   144   144   144   143    89     0     0     0     0     0     0     0     0     0     0     0     0     0     0     0     0     0     0     0     0     0     0     0     0     0     0     0
117 - RMA5_SVI           143   144   140   143   144   143   143    88   101   129   143   144   144   143   144   144   144   144   144   118   142   142   132   144   141   143   144   144   143   143   144   143   144   144    59     0     0     0     0     0     0     0     0     0     0     0     0     0     0     0     0     0     0     0     0     0     0     0     0     0     0     0
115 - RMA5_URU           144   144   143   144   144   144   144   143   144   144   144   143   143   143   144   144   144   144   144   143   144   142   144   144   143   144   144   143   144   144   144   144   143   143    87     0     0     0     0     0     0     0     0     0     0     0     0     0     0     0     0     0     0     0     0     0     0     0     0     0     0     0
118 - RMA6_CVI           142   144   144   141   141   142   142   143   136   124   126   138   143   143   141   141   140   144   144   143   143   144   144   142   142   143   143   143   141   143   144   140   141   144    89     0     0     0     0     0     0     0     0     0     0     0     0     0     0     0     0     0     0     0     0     0     0     0     0     0     0     0
119 - RMA6_LPA           144   144   144   144   144   144   144   143   144   144   144   144   144   144   144   143   144   144   144   144   144   144   144   144   143   144   144   144   144   144   144   143   144   144    89     0     0     0     0     0     0     0     0     0     0     0     0     0     0     0     0     0     0     0     0     0     0     0     0     0     0     0
122 - RMA6_MME           143   143   144   142   144   144   143   144   142   142   144   143   143   142   143   143   140   143   144   143   143   141   141   144   142   144   143   139   141   144   144   144   143   142    90     0     0     0     0     0     0     0     0     0     0     0     0     0     0     0     0     0     0     0     0     0     0     0     0     0     0     0
121 - RMA6_NEC           141   144   142   143   138   141   142   115   140   143   142   141   142   141   142   140   142   144   143   143   143   140   141   144   144   140    85     0    80   144   144   144   138   141    89     0     0     0     0     0     0     0     0     0     0     0     0     0     0     0     0     0     0     0     0     0     0     0     0     0     0     0
120 - RMA6_PMO           144   143   144   144   143   144   144   144   144   144   144   144   144   144   144   144   144   144   143   143   143   144   144   144   144   144   144   144   144   143   144   144   144   144    89     0     0     0     0     0     0     0     0     0     0     0     0     0     0     0     0     0     0     0     0     0     0     0     0     0     0     0
93 - RMA7_CDP              0     0     0     8     9    17     7    13    13    10    13     2     1     9    16    15    10     5     9     4     5    12    11     5     5    10     0    28    17     8    14     9     1     4     0     0     0     0     0     0     0     0     0     0     0     0     0     0     0     0     0     0     0     0     0     0     0     0     0     0     0     0
123 - RMA7_ECH           135   140   140   141   139   134   137   131   138   142   139   137   140   134   139   121   143   139   138   136   140   138   138   134   140   141   137   135   135   139   140   137   136   141    65     0     0     0     0     0     0     0     0     0     0     0     0     0     0     0     0     0     0     0     0     0     0     0     0     0     0     0
126 - RMA7_GRO           144   144   144   144   144   144   144   144   144   144   144   144   144   144   144   144   144   144   144   144   144   144   144   144   144   144   144   144   144   144   144   144   144   144    89     0     0     0     0     0     0     0     0     0     0     0     0     0     0     0     0     0     0     0     0     0     0     0     0     0     0     0
124 - RMA7_PHU           140   140   139   136   139   139   142   140   140   135   134   140   143   141   140   139   139   139   140   142   142   143   139   141   137   141   140   139   143   142   134   137   141   142    70     0     0     0     0     0     0     0     0     0     0     0     0     0     0     0     0     0     0     0     0     0     0     0     0     0     0     0
125 - RMA7_RSA           144   144   144   144   144   144   144   144   144   144   144   144   144   144   144   144   144   144   144   144   144   144   144   143   144   144   144   144   144   144   144   144   144   143    82     0     0     0     0     0     0     0     0     0     0     0     0     0     0     0     0     0     0     0     0     0     0     0     0     0     0     0
128 - RMA8_BPL           144   144   144   144   144   144   144   144   144   144   144   144   144   144   144   144   142   144   144   144   144   144   126   141   144   144   143   144   144   144   144   144   144   144    90     0     0     0     0     0     0     0     0     0     0     0     0     0     0     0     0     0     0     0     0     0     0     0     0     0     0     0
129 - RMA8_BVI           143   143   144   142   144   143   144   143   143   143   144   144   143   144   144   143   143   143   142   137   137   138   119   133   140   141   140   137   144   144   144   144   144   144    89     0     0     0     0     0     0     0     0     0     0     0     0     0     0     0     0     0     0     0     0     0     0     0     0     0     0     0
127 - RMA8_CC            144   144   144   144   144   144   144   144   144   144   144   144   144   144   144   144   144   144   144   144   144   144   144   144   144   144   144   144   144   144   144   144   144   144    89     0     0     0     0     0     0     0     0     0     0     0     0     0     0     0     0     0     0     0     0     0     0     0     0     0     0     0
130 - RMA8_PIB            23    21    24    24    23    24    22    23    24    24    24    21    24    24    24    23    23    23    23    22    24    23    23    11    24    24    23    24    24    23    24    22    24    24    14     0     0     0     0     0     0     0     0     0     0     0     0     0     0     0     0     0     0     0     0     0     0     0     0     0     0     0
135 - RMA9_CKR             4    84   144   142   144   134   129    40    78   135    83    99   144   143   143   141   144   141   144   144   144   135   119    90    57   144   144   144   144   143   143   142   141   143    89     0     0     0     0     0     0     0     0     0     0     0     0     0     0     0     0     0     0     0     0     0     0     0     0     0     0     0
131 - RMA9_RAD            11    15    24    23    23    23    23    24    23    22    24    23    24    23    22    23    23    24     2     0     0     0     0     0     0     0    23    23    23    24    24    24    24    24    14     0     0     0     0     0     0     0     0     0     0     0     0     0     0     0     0     0     0     0     0     0     0     0     0     0     0     0
132 - RMA9_SSE            82   131   144   144   144   144   144   144   144   144   144   144   144   144   144   144   144   144   144   144   144   144   144   144   144   144   144   143   144   144   144   144   144   144    89     0     0     0     0     0     0     0     0     0     0     0     0     0     0     0     0     0     0     0     0     0     0     0     0     0     0     0
133 - RMA9_TOL            47    84    82   101    77    85    51    50    85   107    85   109   116   106   122   119    97   108   124   135   111    81    35    28    86    58    67    85   101   110   122   109   118   128    72     0     0     0     0     0     0     0     0     0     0     0     0     0     0     0     0     0     0     0     0     0     0     0     0     0     0     0
134 - RMA9_USH           101    89   141   138   140    66    19    77   115   117    87   108   142   141   142   126    81   108   142   141   143   143   143   134   143   141   137   140   139   143   140   138    87   135    33     0     0     0     0     0     0     0     0     0     0     0     0     0     0     0     0     0     0     0     0     0     0     0     0     0     0     0
